1 51 0
51 101 0
101 151 0
151 201 0
201 251 0
251 301 0
301 351 0
351 401 0
401 451 0
451 501 0
501 551 0
551 601 0
601 651 0
651 701 0
701 751 0
751 801 0
801 851 0
851 901 0
901 951 0
951 1001 0
1001 1051 0
1051 1101 0
1101 1151 0
1151 1201 0
1201 1251 0
1251 1301 0
1301 1351 0
1351 1401 0
1401 1451 0
1451 1501 0
1501 1551 0
1551 1601 0
1601 1651 0
1651 1701 0
1701 1751 0
1751 1801 0
1801 1851 0
1851 1901 0
1901 1951 0
1951 2001 0
2001 2051 0
2051 2101 0
2101 2151 0
2151 2201 0
2201 2251 0
2251 2301 0
2301 2351 0
2351 2401 0
2401 2451 0
