50 100 0
100 150 0
150 200 0
200 250 0
250 300 0
300 350 0
350 400 0
400 450 0
450 500 0
500 550 0
550 600 0
600 650 0
650 700 0
700 750 0
750 800 0
800 850 0
850 900 0
900 950 0
950 1000 0
1000 1050 0
1050 1100 0
1100 1150 0
1150 1200 0
1200 1250 0
1250 1300 0
1300 1350 0
1350 1400 0
1400 1450 0
1450 1500 0
1500 1550 0
1550 1600 0
1600 1650 0
1650 1700 0
1700 1750 0
1750 1800 0
1800 1850 0
1850 1900 0
1900 1950 0
1950 2000 0
2000 2050 0
2050 2100 0
2100 2150 0
2150 2200 0
2200 2250 0
2250 2300 0
2300 2350 0
2350 2400 0
2400 2450 0
2450 2500 0
