1 1 2 51 52
2 2 3 52 53
3 3 4 53 54
4 4 5 54 55
5 5 6 55 56
6 6 7 56 57
7 7 8 57 58
8 8 9 58 59
9 9 10 59 60
10 10 11 60 61
11 11 12 61 62
12 12 13 62 63
13 13 14 63 64
14 14 15 64 65
15 15 16 65 66
16 16 17 66 67
17 17 18 67 68
18 18 19 68 69
19 19 20 69 70
20 20 21 70 71
21 21 22 71 72
22 22 23 72 73
23 23 24 73 74
24 24 25 74 75
25 25 26 75 76
26 26 27 76 77
27 27 28 77 78
28 28 29 78 79
29 29 30 79 80
30 30 31 80 81
31 31 32 81 82
32 32 33 82 83
33 33 34 83 84
34 34 35 84 85
35 35 36 85 86
36 36 37 86 87
37 37 38 87 88
38 38 39 88 89
39 39 40 89 90
40 40 41 90 91
41 41 42 91 92
42 42 43 92 93
43 43 44 93 94
44 44 45 94 95
45 45 46 95 96
46 46 47 96 97
47 47 48 97 98
48 48 49 98 99
49 49 50 99 100
50 51 52 101 102
51 52 53 102 103
52 53 54 103 104
53 54 55 104 105
54 55 56 105 106
55 56 57 106 107
56 57 58 107 108
57 58 59 108 109
58 59 60 109 110
59 60 61 110 111
60 61 62 111 112
61 62 63 112 113
62 63 64 113 114
63 64 65 114 115
64 65 66 115 116
65 66 67 116 117
66 67 68 117 118
67 68 69 118 119
68 69 70 119 120
69 70 71 120 121
70 71 72 121 122
71 72 73 122 123
72 73 74 123 124
73 74 75 124 125
74 75 76 125 126
75 76 77 126 127
76 77 78 127 128
77 78 79 128 129
78 79 80 129 130
79 80 81 130 131
80 81 82 131 132
81 82 83 132 133
82 83 84 133 134
83 84 85 134 135
84 85 86 135 136
85 86 87 136 137
86 87 88 137 138
87 88 89 138 139
88 89 90 139 140
89 90 91 140 141
90 91 92 141 142
91 92 93 142 143
92 93 94 143 144
93 94 95 144 145
94 95 96 145 146
95 96 97 146 147
96 97 98 147 148
97 98 99 148 149
98 99 100 149 150
99 101 102 151 152
100 102 103 152 153
101 103 104 153 154
102 104 105 154 155
103 105 106 155 156
104 106 107 156 157
105 107 108 157 158
106 108 109 158 159
107 109 110 159 160
108 110 111 160 161
109 111 112 161 162
110 112 113 162 163
111 113 114 163 164
112 114 115 164 165
113 115 116 165 166
114 116 117 166 167
115 117 118 167 168
116 118 119 168 169
117 119 120 169 170
118 120 121 170 171
119 121 122 171 172
120 122 123 172 173
121 123 124 173 174
122 124 125 174 175
123 125 126 175 176
124 126 127 176 177
125 127 128 177 178
126 128 129 178 179
127 129 130 179 180
128 130 131 180 181
129 131 132 181 182
130 132 133 182 183
131 133 134 183 184
132 134 135 184 185
133 135 136 185 186
134 136 137 186 187
135 137 138 187 188
136 138 139 188 189
137 139 140 189 190
138 140 141 190 191
139 141 142 191 192
140 142 143 192 193
141 143 144 193 194
142 144 145 194 195
143 145 146 195 196
144 146 147 196 197
145 147 148 197 198
146 148 149 198 199
147 149 150 199 200
148 151 152 201 202
149 152 153 202 203
150 153 154 203 204
151 154 155 204 205
152 155 156 205 206
153 156 157 206 207
154 157 158 207 208
155 158 159 208 209
156 159 160 209 210
157 160 161 210 211
158 161 162 211 212
159 162 163 212 213
160 163 164 213 214
161 164 165 214 215
162 165 166 215 216
163 166 167 216 217
164 167 168 217 218
165 168 169 218 219
166 169 170 219 220
167 170 171 220 221
168 171 172 221 222
169 172 173 222 223
170 173 174 223 224
171 174 175 224 225
172 175 176 225 226
173 176 177 226 227
174 177 178 227 228
175 178 179 228 229
176 179 180 229 230
177 180 181 230 231
178 181 182 231 232
179 182 183 232 233
180 183 184 233 234
181 184 185 234 235
182 185 186 235 236
183 186 187 236 237
184 187 188 237 238
185 188 189 238 239
186 189 190 239 240
187 190 191 240 241
188 191 192 241 242
189 192 193 242 243
190 193 194 243 244
191 194 195 244 245
192 195 196 245 246
193 196 197 246 247
194 197 198 247 248
195 198 199 248 249
196 199 200 249 250
197 201 202 251 252
198 202 203 252 253
199 203 204 253 254
200 204 205 254 255
201 205 206 255 256
202 206 207 256 257
203 207 208 257 258
204 208 209 258 259
205 209 210 259 260
206 210 211 260 261
207 211 212 261 262
208 212 213 262 263
209 213 214 263 264
210 214 215 264 265
211 215 216 265 266
212 216 217 266 267
213 217 218 267 268
214 218 219 268 269
215 219 220 269 270
216 220 221 270 271
217 221 222 271 272
218 222 223 272 273
219 223 224 273 274
220 224 225 274 275
221 225 226 275 276
222 226 227 276 277
223 227 228 277 278
224 228 229 278 279
225 229 230 279 280
226 230 231 280 281
227 231 232 281 282
228 232 233 282 283
229 233 234 283 284
230 234 235 284 285
231 235 236 285 286
232 236 237 286 287
233 237 238 287 288
234 238 239 288 289
235 239 240 289 290
236 240 241 290 291
237 241 242 291 292
238 242 243 292 293
239 243 244 293 294
240 244 245 294 295
241 245 246 295 296
242 246 247 296 297
243 247 248 297 298
244 248 249 298 299
245 249 250 299 300
246 251 252 301 302
247 252 253 302 303
248 253 254 303 304
249 254 255 304 305
250 255 256 305 306
251 256 257 306 307
252 257 258 307 308
253 258 259 308 309
254 259 260 309 310
255 260 261 310 311
256 261 262 311 312
257 262 263 312 313
258 263 264 313 314
259 264 265 314 315
260 265 266 315 316
261 266 267 316 317
262 267 268 317 318
263 268 269 318 319
264 269 270 319 320
265 270 271 320 321
266 271 272 321 322
267 272 273 322 323
268 273 274 323 324
269 274 275 324 325
270 275 276 325 326
271 276 277 326 327
272 277 278 327 328
273 278 279 328 329
274 279 280 329 330
275 280 281 330 331
276 281 282 331 332
277 282 283 332 333
278 283 284 333 334
279 284 285 334 335
280 285 286 335 336
281 286 287 336 337
282 287 288 337 338
283 288 289 338 339
284 289 290 339 340
285 290 291 340 341
286 291 292 341 342
287 292 293 342 343
288 293 294 343 344
289 294 295 344 345
290 295 296 345 346
291 296 297 346 347
292 297 298 347 348
293 298 299 348 349
294 299 300 349 350
295 301 302 351 352
296 302 303 352 353
297 303 304 353 354
298 304 305 354 355
299 305 306 355 356
300 306 307 356 357
301 307 308 357 358
302 308 309 358 359
303 309 310 359 360
304 310 311 360 361
305 311 312 361 362
306 312 313 362 363
307 313 314 363 364
308 314 315 364 365
309 315 316 365 366
310 316 317 366 367
311 317 318 367 368
312 318 319 368 369
313 319 320 369 370
314 320 321 370 371
315 321 322 371 372
316 322 323 372 373
317 323 324 373 374
318 324 325 374 375
319 325 326 375 376
320 326 327 376 377
321 327 328 377 378
322 328 329 378 379
323 329 330 379 380
324 330 331 380 381
325 331 332 381 382
326 332 333 382 383
327 333 334 383 384
328 334 335 384 385
329 335 336 385 386
330 336 337 386 387
331 337 338 387 388
332 338 339 388 389
333 339 340 389 390
334 340 341 390 391
335 341 342 391 392
336 342 343 392 393
337 343 344 393 394
338 344 345 394 395
339 345 346 395 396
340 346 347 396 397
341 347 348 397 398
342 348 349 398 399
343 349 350 399 400
344 351 352 401 402
345 352 353 402 403
346 353 354 403 404
347 354 355 404 405
348 355 356 405 406
349 356 357 406 407
350 357 358 407 408
351 358 359 408 409
352 359 360 409 410
353 360 361 410 411
354 361 362 411 412
355 362 363 412 413
356 363 364 413 414
357 364 365 414 415
358 365 366 415 416
359 366 367 416 417
360 367 368 417 418
361 368 369 418 419
362 369 370 419 420
363 370 371 420 421
364 371 372 421 422
365 372 373 422 423
366 373 374 423 424
367 374 375 424 425
368 375 376 425 426
369 376 377 426 427
370 377 378 427 428
371 378 379 428 429
372 379 380 429 430
373 380 381 430 431
374 381 382 431 432
375 382 383 432 433
376 383 384 433 434
377 384 385 434 435
378 385 386 435 436
379 386 387 436 437
380 387 388 437 438
381 388 389 438 439
382 389 390 439 440
383 390 391 440 441
384 391 392 441 442
385 392 393 442 443
386 393 394 443 444
387 394 395 444 445
388 395 396 445 446
389 396 397 446 447
390 397 398 447 448
391 398 399 448 449
392 399 400 449 450
393 401 402 451 452
394 402 403 452 453
395 403 404 453 454
396 404 405 454 455
397 405 406 455 456
398 406 407 456 457
399 407 408 457 458
400 408 409 458 459
401 409 410 459 460
402 410 411 460 461
403 411 412 461 462
404 412 413 462 463
405 413 414 463 464
406 414 415 464 465
407 415 416 465 466
408 416 417 466 467
409 417 418 467 468
410 418 419 468 469
411 419 420 469 470
412 420 421 470 471
413 421 422 471 472
414 422 423 472 473
415 423 424 473 474
416 424 425 474 475
417 425 426 475 476
418 426 427 476 477
419 427 428 477 478
420 428 429 478 479
421 429 430 479 480
422 430 431 480 481
423 431 432 481 482
424 432 433 482 483
425 433 434 483 484
426 434 435 484 485
427 435 436 485 486
428 436 437 486 487
429 437 438 487 488
430 438 439 488 489
431 439 440 489 490
432 440 441 490 491
433 441 442 491 492
434 442 443 492 493
435 443 444 493 494
436 444 445 494 495
437 445 446 495 496
438 446 447 496 497
439 447 448 497 498
440 448 449 498 499
441 449 450 499 500
442 451 452 501 502
443 452 453 502 503
444 453 454 503 504
445 454 455 504 505
446 455 456 505 506
447 456 457 506 507
448 457 458 507 508
449 458 459 508 509
450 459 460 509 510
451 460 461 510 511
452 461 462 511 512
453 462 463 512 513
454 463 464 513 514
455 464 465 514 515
456 465 466 515 516
457 466 467 516 517
458 467 468 517 518
459 468 469 518 519
460 469 470 519 520
461 470 471 520 521
462 471 472 521 522
463 472 473 522 523
464 473 474 523 524
465 474 475 524 525
466 475 476 525 526
467 476 477 526 527
468 477 478 527 528
469 478 479 528 529
470 479 480 529 530
471 480 481 530 531
472 481 482 531 532
473 482 483 532 533
474 483 484 533 534
475 484 485 534 535
476 485 486 535 536
477 486 487 536 537
478 487 488 537 538
479 488 489 538 539
480 489 490 539 540
481 490 491 540 541
482 491 492 541 542
483 492 493 542 543
484 493 494 543 544
485 494 495 544 545
486 495 496 545 546
487 496 497 546 547
488 497 498 547 548
489 498 499 548 549
490 499 500 549 550
491 501 502 551 552
492 502 503 552 553
493 503 504 553 554
494 504 505 554 555
495 505 506 555 556
496 506 507 556 557
497 507 508 557 558
498 508 509 558 559
499 509 510 559 560
500 510 511 560 561
501 511 512 561 562
502 512 513 562 563
503 513 514 563 564
504 514 515 564 565
505 515 516 565 566
506 516 517 566 567
507 517 518 567 568
508 518 519 568 569
509 519 520 569 570
510 520 521 570 571
511 521 522 571 572
512 522 523 572 573
513 523 524 573 574
514 524 525 574 575
515 525 526 575 576
516 526 527 576 577
517 527 528 577 578
518 528 529 578 579
519 529 530 579 580
520 530 531 580 581
521 531 532 581 582
522 532 533 582 583
523 533 534 583 584
524 534 535 584 585
525 535 536 585 586
526 536 537 586 587
527 537 538 587 588
528 538 539 588 589
529 539 540 589 590
530 540 541 590 591
531 541 542 591 592
532 542 543 592 593
533 543 544 593 594
534 544 545 594 595
535 545 546 595 596
536 546 547 596 597
537 547 548 597 598
538 548 549 598 599
539 549 550 599 600
540 551 552 601 602
541 552 553 602 603
542 553 554 603 604
543 554 555 604 605
544 555 556 605 606
545 556 557 606 607
546 557 558 607 608
547 558 559 608 609
548 559 560 609 610
549 560 561 610 611
550 561 562 611 612
551 562 563 612 613
552 563 564 613 614
553 564 565 614 615
554 565 566 615 616
555 566 567 616 617
556 567 568 617 618
557 568 569 618 619
558 569 570 619 620
559 570 571 620 621
560 571 572 621 622
561 572 573 622 623
562 573 574 623 624
563 574 575 624 625
564 575 576 625 626
565 576 577 626 627
566 577 578 627 628
567 578 579 628 629
568 579 580 629 630
569 580 581 630 631
570 581 582 631 632
571 582 583 632 633
572 583 584 633 634
573 584 585 634 635
574 585 586 635 636
575 586 587 636 637
576 587 588 637 638
577 588 589 638 639
578 589 590 639 640
579 590 591 640 641
580 591 592 641 642
581 592 593 642 643
582 593 594 643 644
583 594 595 644 645
584 595 596 645 646
585 596 597 646 647
586 597 598 647 648
587 598 599 648 649
588 599 600 649 650
589 601 602 651 652
590 602 603 652 653
591 603 604 653 654
592 604 605 654 655
593 605 606 655 656
594 606 607 656 657
595 607 608 657 658
596 608 609 658 659
597 609 610 659 660
598 610 611 660 661
599 611 612 661 662
600 612 613 662 663
601 613 614 663 664
602 614 615 664 665
603 615 616 665 666
604 616 617 666 667
605 617 618 667 668
606 618 619 668 669
607 619 620 669 670
608 620 621 670 671
609 621 622 671 672
610 622 623 672 673
611 623 624 673 674
612 624 625 674 675
613 625 626 675 676
614 626 627 676 677
615 627 628 677 678
616 628 629 678 679
617 629 630 679 680
618 630 631 680 681
619 631 632 681 682
620 632 633 682 683
621 633 634 683 684
622 634 635 684 685
623 635 636 685 686
624 636 637 686 687
625 637 638 687 688
626 638 639 688 689
627 639 640 689 690
628 640 641 690 691
629 641 642 691 692
630 642 643 692 693
631 643 644 693 694
632 644 645 694 695
633 645 646 695 696
634 646 647 696 697
635 647 648 697 698
636 648 649 698 699
637 649 650 699 700
638 651 652 701 702
639 652 653 702 703
640 653 654 703 704
641 654 655 704 705
642 655 656 705 706
643 656 657 706 707
644 657 658 707 708
645 658 659 708 709
646 659 660 709 710
647 660 661 710 711
648 661 662 711 712
649 662 663 712 713
650 663 664 713 714
651 664 665 714 715
652 665 666 715 716
653 666 667 716 717
654 667 668 717 718
655 668 669 718 719
656 669 670 719 720
657 670 671 720 721
658 671 672 721 722
659 672 673 722 723
660 673 674 723 724
661 674 675 724 725
662 675 676 725 726
663 676 677 726 727
664 677 678 727 728
665 678 679 728 729
666 679 680 729 730
667 680 681 730 731
668 681 682 731 732
669 682 683 732 733
670 683 684 733 734
671 684 685 734 735
672 685 686 735 736
673 686 687 736 737
674 687 688 737 738
675 688 689 738 739
676 689 690 739 740
677 690 691 740 741
678 691 692 741 742
679 692 693 742 743
680 693 694 743 744
681 694 695 744 745
682 695 696 745 746
683 696 697 746 747
684 697 698 747 748
685 698 699 748 749
686 699 700 749 750
687 701 702 751 752
688 702 703 752 753
689 703 704 753 754
690 704 705 754 755
691 705 706 755 756
692 706 707 756 757
693 707 708 757 758
694 708 709 758 759
695 709 710 759 760
696 710 711 760 761
697 711 712 761 762
698 712 713 762 763
699 713 714 763 764
700 714 715 764 765
701 715 716 765 766
702 716 717 766 767
703 717 718 767 768
704 718 719 768 769
705 719 720 769 770
706 720 721 770 771
707 721 722 771 772
708 722 723 772 773
709 723 724 773 774
710 724 725 774 775
711 725 726 775 776
712 726 727 776 777
713 727 728 777 778
714 728 729 778 779
715 729 730 779 780
716 730 731 780 781
717 731 732 781 782
718 732 733 782 783
719 733 734 783 784
720 734 735 784 785
721 735 736 785 786
722 736 737 786 787
723 737 738 787 788
724 738 739 788 789
725 739 740 789 790
726 740 741 790 791
727 741 742 791 792
728 742 743 792 793
729 743 744 793 794
730 744 745 794 795
731 745 746 795 796
732 746 747 796 797
733 747 748 797 798
734 748 749 798 799
735 749 750 799 800
736 751 752 801 802
737 752 753 802 803
738 753 754 803 804
739 754 755 804 805
740 755 756 805 806
741 756 757 806 807
742 757 758 807 808
743 758 759 808 809
744 759 760 809 810
745 760 761 810 811
746 761 762 811 812
747 762 763 812 813
748 763 764 813 814
749 764 765 814 815
750 765 766 815 816
751 766 767 816 817
752 767 768 817 818
753 768 769 818 819
754 769 770 819 820
755 770 771 820 821
756 771 772 821 822
757 772 773 822 823
758 773 774 823 824
759 774 775 824 825
760 775 776 825 826
761 776 777 826 827
762 777 778 827 828
763 778 779 828 829
764 779 780 829 830
765 780 781 830 831
766 781 782 831 832
767 782 783 832 833
768 783 784 833 834
769 784 785 834 835
770 785 786 835 836
771 786 787 836 837
772 787 788 837 838
773 788 789 838 839
774 789 790 839 840
775 790 791 840 841
776 791 792 841 842
777 792 793 842 843
778 793 794 843 844
779 794 795 844 845
780 795 796 845 846
781 796 797 846 847
782 797 798 847 848
783 798 799 848 849
784 799 800 849 850
785 801 802 851 852
786 802 803 852 853
787 803 804 853 854
788 804 805 854 855
789 805 806 855 856
790 806 807 856 857
791 807 808 857 858
792 808 809 858 859
793 809 810 859 860
794 810 811 860 861
795 811 812 861 862
796 812 813 862 863
797 813 814 863 864
798 814 815 864 865
799 815 816 865 866
800 816 817 866 867
801 817 818 867 868
802 818 819 868 869
803 819 820 869 870
804 820 821 870 871
805 821 822 871 872
806 822 823 872 873
807 823 824 873 874
808 824 825 874 875
809 825 826 875 876
810 826 827 876 877
811 827 828 877 878
812 828 829 878 879
813 829 830 879 880
814 830 831 880 881
815 831 832 881 882
816 832 833 882 883
817 833 834 883 884
818 834 835 884 885
819 835 836 885 886
820 836 837 886 887
821 837 838 887 888
822 838 839 888 889
823 839 840 889 890
824 840 841 890 891
825 841 842 891 892
826 842 843 892 893
827 843 844 893 894
828 844 845 894 895
829 845 846 895 896
830 846 847 896 897
831 847 848 897 898
832 848 849 898 899
833 849 850 899 900
834 851 852 901 902
835 852 853 902 903
836 853 854 903 904
837 854 855 904 905
838 855 856 905 906
839 856 857 906 907
840 857 858 907 908
841 858 859 908 909
842 859 860 909 910
843 860 861 910 911
844 861 862 911 912
845 862 863 912 913
846 863 864 913 914
847 864 865 914 915
848 865 866 915 916
849 866 867 916 917
850 867 868 917 918
851 868 869 918 919
852 869 870 919 920
853 870 871 920 921
854 871 872 921 922
855 872 873 922 923
856 873 874 923 924
857 874 875 924 925
858 875 876 925 926
859 876 877 926 927
860 877 878 927 928
861 878 879 928 929
862 879 880 929 930
863 880 881 930 931
864 881 882 931 932
865 882 883 932 933
866 883 884 933 934
867 884 885 934 935
868 885 886 935 936
869 886 887 936 937
870 887 888 937 938
871 888 889 938 939
872 889 890 939 940
873 890 891 940 941
874 891 892 941 942
875 892 893 942 943
876 893 894 943 944
877 894 895 944 945
878 895 896 945 946
879 896 897 946 947
880 897 898 947 948
881 898 899 948 949
882 899 900 949 950
883 901 902 951 952
884 902 903 952 953
885 903 904 953 954
886 904 905 954 955
887 905 906 955 956
888 906 907 956 957
889 907 908 957 958
890 908 909 958 959
891 909 910 959 960
892 910 911 960 961
893 911 912 961 962
894 912 913 962 963
895 913 914 963 964
896 914 915 964 965
897 915 916 965 966
898 916 917 966 967
899 917 918 967 968
900 918 919 968 969
901 919 920 969 970
902 920 921 970 971
903 921 922 971 972
904 922 923 972 973
905 923 924 973 974
906 924 925 974 975
907 925 926 975 976
908 926 927 976 977
909 927 928 977 978
910 928 929 978 979
911 929 930 979 980
912 930 931 980 981
913 931 932 981 982
914 932 933 982 983
915 933 934 983 984
916 934 935 984 985
917 935 936 985 986
918 936 937 986 987
919 937 938 987 988
920 938 939 988 989
921 939 940 989 990
922 940 941 990 991
923 941 942 991 992
924 942 943 992 993
925 943 944 993 994
926 944 945 994 995
927 945 946 995 996
928 946 947 996 997
929 947 948 997 998
930 948 949 998 999
931 949 950 999 1000
932 951 952 1001 1002
933 952 953 1002 1003
934 953 954 1003 1004
935 954 955 1004 1005
936 955 956 1005 1006
937 956 957 1006 1007
938 957 958 1007 1008
939 958 959 1008 1009
940 959 960 1009 1010
941 960 961 1010 1011
942 961 962 1011 1012
943 962 963 1012 1013
944 963 964 1013 1014
945 964 965 1014 1015
946 965 966 1015 1016
947 966 967 1016 1017
948 967 968 1017 1018
949 968 969 1018 1019
950 969 970 1019 1020
951 970 971 1020 1021
952 971 972 1021 1022
953 972 973 1022 1023
954 973 974 1023 1024
955 974 975 1024 1025
956 975 976 1025 1026
957 976 977 1026 1027
958 977 978 1027 1028
959 978 979 1028 1029
960 979 980 1029 1030
961 980 981 1030 1031
962 981 982 1031 1032
963 982 983 1032 1033
964 983 984 1033 1034
965 984 985 1034 1035
966 985 986 1035 1036
967 986 987 1036 1037
968 987 988 1037 1038
969 988 989 1038 1039
970 989 990 1039 1040
971 990 991 1040 1041
972 991 992 1041 1042
973 992 993 1042 1043
974 993 994 1043 1044
975 994 995 1044 1045
976 995 996 1045 1046
977 996 997 1046 1047
978 997 998 1047 1048
979 998 999 1048 1049
980 999 1000 1049 1050
981 1001 1002 1051 1052
982 1002 1003 1052 1053
983 1003 1004 1053 1054
984 1004 1005 1054 1055
985 1005 1006 1055 1056
986 1006 1007 1056 1057
987 1007 1008 1057 1058
988 1008 1009 1058 1059
989 1009 1010 1059 1060
990 1010 1011 1060 1061
991 1011 1012 1061 1062
992 1012 1013 1062 1063
993 1013 1014 1063 1064
994 1014 1015 1064 1065
995 1015 1016 1065 1066
996 1016 1017 1066 1067
997 1017 1018 1067 1068
998 1018 1019 1068 1069
999 1019 1020 1069 1070
1000 1020 1021 1070 1071
1001 1021 1022 1071 1072
1002 1022 1023 1072 1073
1003 1023 1024 1073 1074
1004 1024 1025 1074 1075
1005 1025 1026 1075 1076
1006 1026 1027 1076 1077
1007 1027 1028 1077 1078
1008 1028 1029 1078 1079
1009 1029 1030 1079 1080
1010 1030 1031 1080 1081
1011 1031 1032 1081 1082
1012 1032 1033 1082 1083
1013 1033 1034 1083 1084
1014 1034 1035 1084 1085
1015 1035 1036 1085 1086
1016 1036 1037 1086 1087
1017 1037 1038 1087 1088
1018 1038 1039 1088 1089
1019 1039 1040 1089 1090
1020 1040 1041 1090 1091
1021 1041 1042 1091 1092
1022 1042 1043 1092 1093
1023 1043 1044 1093 1094
1024 1044 1045 1094 1095
1025 1045 1046 1095 1096
1026 1046 1047 1096 1097
1027 1047 1048 1097 1098
1028 1048 1049 1098 1099
1029 1049 1050 1099 1100
1030 1051 1052 1101 1102
1031 1052 1053 1102 1103
1032 1053 1054 1103 1104
1033 1054 1055 1104 1105
1034 1055 1056 1105 1106
1035 1056 1057 1106 1107
1036 1057 1058 1107 1108
1037 1058 1059 1108 1109
1038 1059 1060 1109 1110
1039 1060 1061 1110 1111
1040 1061 1062 1111 1112
1041 1062 1063 1112 1113
1042 1063 1064 1113 1114
1043 1064 1065 1114 1115
1044 1065 1066 1115 1116
1045 1066 1067 1116 1117
1046 1067 1068 1117 1118
1047 1068 1069 1118 1119
1048 1069 1070 1119 1120
1049 1070 1071 1120 1121
1050 1071 1072 1121 1122
1051 1072 1073 1122 1123
1052 1073 1074 1123 1124
1053 1074 1075 1124 1125
1054 1075 1076 1125 1126
1055 1076 1077 1126 1127
1056 1077 1078 1127 1128
1057 1078 1079 1128 1129
1058 1079 1080 1129 1130
1059 1080 1081 1130 1131
1060 1081 1082 1131 1132
1061 1082 1083 1132 1133
1062 1083 1084 1133 1134
1063 1084 1085 1134 1135
1064 1085 1086 1135 1136
1065 1086 1087 1136 1137
1066 1087 1088 1137 1138
1067 1088 1089 1138 1139
1068 1089 1090 1139 1140
1069 1090 1091 1140 1141
1070 1091 1092 1141 1142
1071 1092 1093 1142 1143
1072 1093 1094 1143 1144
1073 1094 1095 1144 1145
1074 1095 1096 1145 1146
1075 1096 1097 1146 1147
1076 1097 1098 1147 1148
1077 1098 1099 1148 1149
1078 1099 1100 1149 1150
1079 1101 1102 1151 1152
1080 1102 1103 1152 1153
1081 1103 1104 1153 1154
1082 1104 1105 1154 1155
1083 1105 1106 1155 1156
1084 1106 1107 1156 1157
1085 1107 1108 1157 1158
1086 1108 1109 1158 1159
1087 1109 1110 1159 1160
1088 1110 1111 1160 1161
1089 1111 1112 1161 1162
1090 1112 1113 1162 1163
1091 1113 1114 1163 1164
1092 1114 1115 1164 1165
1093 1115 1116 1165 1166
1094 1116 1117 1166 1167
1095 1117 1118 1167 1168
1096 1118 1119 1168 1169
1097 1119 1120 1169 1170
1098 1120 1121 1170 1171
1099 1121 1122 1171 1172
1100 1122 1123 1172 1173
1101 1123 1124 1173 1174
1102 1124 1125 1174 1175
1103 1125 1126 1175 1176
1104 1126 1127 1176 1177
1105 1127 1128 1177 1178
1106 1128 1129 1178 1179
1107 1129 1130 1179 1180
1108 1130 1131 1180 1181
1109 1131 1132 1181 1182
1110 1132 1133 1182 1183
1111 1133 1134 1183 1184
1112 1134 1135 1184 1185
1113 1135 1136 1185 1186
1114 1136 1137 1186 1187
1115 1137 1138 1187 1188
1116 1138 1139 1188 1189
1117 1139 1140 1189 1190
1118 1140 1141 1190 1191
1119 1141 1142 1191 1192
1120 1142 1143 1192 1193
1121 1143 1144 1193 1194
1122 1144 1145 1194 1195
1123 1145 1146 1195 1196
1124 1146 1147 1196 1197
1125 1147 1148 1197 1198
1126 1148 1149 1198 1199
1127 1149 1150 1199 1200
1128 1151 1152 1201 1202
1129 1152 1153 1202 1203
1130 1153 1154 1203 1204
1131 1154 1155 1204 1205
1132 1155 1156 1205 1206
1133 1156 1157 1206 1207
1134 1157 1158 1207 1208
1135 1158 1159 1208 1209
1136 1159 1160 1209 1210
1137 1160 1161 1210 1211
1138 1161 1162 1211 1212
1139 1162 1163 1212 1213
1140 1163 1164 1213 1214
1141 1164 1165 1214 1215
1142 1165 1166 1215 1216
1143 1166 1167 1216 1217
1144 1167 1168 1217 1218
1145 1168 1169 1218 1219
1146 1169 1170 1219 1220
1147 1170 1171 1220 1221
1148 1171 1172 1221 1222
1149 1172 1173 1222 1223
1150 1173 1174 1223 1224
1151 1174 1175 1224 1225
1152 1175 1176 1225 1226
1153 1176 1177 1226 1227
1154 1177 1178 1227 1228
1155 1178 1179 1228 1229
1156 1179 1180 1229 1230
1157 1180 1181 1230 1231
1158 1181 1182 1231 1232
1159 1182 1183 1232 1233
1160 1183 1184 1233 1234
1161 1184 1185 1234 1235
1162 1185 1186 1235 1236
1163 1186 1187 1236 1237
1164 1187 1188 1237 1238
1165 1188 1189 1238 1239
1166 1189 1190 1239 1240
1167 1190 1191 1240 1241
1168 1191 1192 1241 1242
1169 1192 1193 1242 1243
1170 1193 1194 1243 1244
1171 1194 1195 1244 1245
1172 1195 1196 1245 1246
1173 1196 1197 1246 1247
1174 1197 1198 1247 1248
1175 1198 1199 1248 1249
1176 1199 1200 1249 1250
1177 1201 1202 1251 1252
1178 1202 1203 1252 1253
1179 1203 1204 1253 1254
1180 1204 1205 1254 1255
1181 1205 1206 1255 1256
1182 1206 1207 1256 1257
1183 1207 1208 1257 1258
1184 1208 1209 1258 1259
1185 1209 1210 1259 1260
1186 1210 1211 1260 1261
1187 1211 1212 1261 1262
1188 1212 1213 1262 1263
1189 1213 1214 1263 1264
1190 1214 1215 1264 1265
1191 1215 1216 1265 1266
1192 1216 1217 1266 1267
1193 1217 1218 1267 1268
1194 1218 1219 1268 1269
1195 1219 1220 1269 1270
1196 1220 1221 1270 1271
1197 1221 1222 1271 1272
1198 1222 1223 1272 1273
1199 1223 1224 1273 1274
1200 1224 1225 1274 1275
1201 1225 1226 1275 1276
1202 1226 1227 1276 1277
1203 1227 1228 1277 1278
1204 1228 1229 1278 1279
1205 1229 1230 1279 1280
1206 1230 1231 1280 1281
1207 1231 1232 1281 1282
1208 1232 1233 1282 1283
1209 1233 1234 1283 1284
1210 1234 1235 1284 1285
1211 1235 1236 1285 1286
1212 1236 1237 1286 1287
1213 1237 1238 1287 1288
1214 1238 1239 1288 1289
1215 1239 1240 1289 1290
1216 1240 1241 1290 1291
1217 1241 1242 1291 1292
1218 1242 1243 1292 1293
1219 1243 1244 1293 1294
1220 1244 1245 1294 1295
1221 1245 1246 1295 1296
1222 1246 1247 1296 1297
1223 1247 1248 1297 1298
1224 1248 1249 1298 1299
1225 1249 1250 1299 1300
1226 1251 1252 1301 1302
1227 1252 1253 1302 1303
1228 1253 1254 1303 1304
1229 1254 1255 1304 1305
1230 1255 1256 1305 1306
1231 1256 1257 1306 1307
1232 1257 1258 1307 1308
1233 1258 1259 1308 1309
1234 1259 1260 1309 1310
1235 1260 1261 1310 1311
1236 1261 1262 1311 1312
1237 1262 1263 1312 1313
1238 1263 1264 1313 1314
1239 1264 1265 1314 1315
1240 1265 1266 1315 1316
1241 1266 1267 1316 1317
1242 1267 1268 1317 1318
1243 1268 1269 1318 1319
1244 1269 1270 1319 1320
1245 1270 1271 1320 1321
1246 1271 1272 1321 1322
1247 1272 1273 1322 1323
1248 1273 1274 1323 1324
1249 1274 1275 1324 1325
1250 1275 1276 1325 1326
1251 1276 1277 1326 1327
1252 1277 1278 1327 1328
1253 1278 1279 1328 1329
1254 1279 1280 1329 1330
1255 1280 1281 1330 1331
1256 1281 1282 1331 1332
1257 1282 1283 1332 1333
1258 1283 1284 1333 1334
1259 1284 1285 1334 1335
1260 1285 1286 1335 1336
1261 1286 1287 1336 1337
1262 1287 1288 1337 1338
1263 1288 1289 1338 1339
1264 1289 1290 1339 1340
1265 1290 1291 1340 1341
1266 1291 1292 1341 1342
1267 1292 1293 1342 1343
1268 1293 1294 1343 1344
1269 1294 1295 1344 1345
1270 1295 1296 1345 1346
1271 1296 1297 1346 1347
1272 1297 1298 1347 1348
1273 1298 1299 1348 1349
1274 1299 1300 1349 1350
1275 1301 1302 1351 1352
1276 1302 1303 1352 1353
1277 1303 1304 1353 1354
1278 1304 1305 1354 1355
1279 1305 1306 1355 1356
1280 1306 1307 1356 1357
1281 1307 1308 1357 1358
1282 1308 1309 1358 1359
1283 1309 1310 1359 1360
1284 1310 1311 1360 1361
1285 1311 1312 1361 1362
1286 1312 1313 1362 1363
1287 1313 1314 1363 1364
1288 1314 1315 1364 1365
1289 1315 1316 1365 1366
1290 1316 1317 1366 1367
1291 1317 1318 1367 1368
1292 1318 1319 1368 1369
1293 1319 1320 1369 1370
1294 1320 1321 1370 1371
1295 1321 1322 1371 1372
1296 1322 1323 1372 1373
1297 1323 1324 1373 1374
1298 1324 1325 1374 1375
1299 1325 1326 1375 1376
1300 1326 1327 1376 1377
1301 1327 1328 1377 1378
1302 1328 1329 1378 1379
1303 1329 1330 1379 1380
1304 1330 1331 1380 1381
1305 1331 1332 1381 1382
1306 1332 1333 1382 1383
1307 1333 1334 1383 1384
1308 1334 1335 1384 1385
1309 1335 1336 1385 1386
1310 1336 1337 1386 1387
1311 1337 1338 1387 1388
1312 1338 1339 1388 1389
1313 1339 1340 1389 1390
1314 1340 1341 1390 1391
1315 1341 1342 1391 1392
1316 1342 1343 1392 1393
1317 1343 1344 1393 1394
1318 1344 1345 1394 1395
1319 1345 1346 1395 1396
1320 1346 1347 1396 1397
1321 1347 1348 1397 1398
1322 1348 1349 1398 1399
1323 1349 1350 1399 1400
1324 1351 1352 1401 1402
1325 1352 1353 1402 1403
1326 1353 1354 1403 1404
1327 1354 1355 1404 1405
1328 1355 1356 1405 1406
1329 1356 1357 1406 1407
1330 1357 1358 1407 1408
1331 1358 1359 1408 1409
1332 1359 1360 1409 1410
1333 1360 1361 1410 1411
1334 1361 1362 1411 1412
1335 1362 1363 1412 1413
1336 1363 1364 1413 1414
1337 1364 1365 1414 1415
1338 1365 1366 1415 1416
1339 1366 1367 1416 1417
1340 1367 1368 1417 1418
1341 1368 1369 1418 1419
1342 1369 1370 1419 1420
1343 1370 1371 1420 1421
1344 1371 1372 1421 1422
1345 1372 1373 1422 1423
1346 1373 1374 1423 1424
1347 1374 1375 1424 1425
1348 1375 1376 1425 1426
1349 1376 1377 1426 1427
1350 1377 1378 1427 1428
1351 1378 1379 1428 1429
1352 1379 1380 1429 1430
1353 1380 1381 1430 1431
1354 1381 1382 1431 1432
1355 1382 1383 1432 1433
1356 1383 1384 1433 1434
1357 1384 1385 1434 1435
1358 1385 1386 1435 1436
1359 1386 1387 1436 1437
1360 1387 1388 1437 1438
1361 1388 1389 1438 1439
1362 1389 1390 1439 1440
1363 1390 1391 1440 1441
1364 1391 1392 1441 1442
1365 1392 1393 1442 1443
1366 1393 1394 1443 1444
1367 1394 1395 1444 1445
1368 1395 1396 1445 1446
1369 1396 1397 1446 1447
1370 1397 1398 1447 1448
1371 1398 1399 1448 1449
1372 1399 1400 1449 1450
1373 1401 1402 1451 1452
1374 1402 1403 1452 1453
1375 1403 1404 1453 1454
1376 1404 1405 1454 1455
1377 1405 1406 1455 1456
1378 1406 1407 1456 1457
1379 1407 1408 1457 1458
1380 1408 1409 1458 1459
1381 1409 1410 1459 1460
1382 1410 1411 1460 1461
1383 1411 1412 1461 1462
1384 1412 1413 1462 1463
1385 1413 1414 1463 1464
1386 1414 1415 1464 1465
1387 1415 1416 1465 1466
1388 1416 1417 1466 1467
1389 1417 1418 1467 1468
1390 1418 1419 1468 1469
1391 1419 1420 1469 1470
1392 1420 1421 1470 1471
1393 1421 1422 1471 1472
1394 1422 1423 1472 1473
1395 1423 1424 1473 1474
1396 1424 1425 1474 1475
1397 1425 1426 1475 1476
1398 1426 1427 1476 1477
1399 1427 1428 1477 1478
1400 1428 1429 1478 1479
1401 1429 1430 1479 1480
1402 1430 1431 1480 1481
1403 1431 1432 1481 1482
1404 1432 1433 1482 1483
1405 1433 1434 1483 1484
1406 1434 1435 1484 1485
1407 1435 1436 1485 1486
1408 1436 1437 1486 1487
1409 1437 1438 1487 1488
1410 1438 1439 1488 1489
1411 1439 1440 1489 1490
1412 1440 1441 1490 1491
1413 1441 1442 1491 1492
1414 1442 1443 1492 1493
1415 1443 1444 1493 1494
1416 1444 1445 1494 1495
1417 1445 1446 1495 1496
1418 1446 1447 1496 1497
1419 1447 1448 1497 1498
1420 1448 1449 1498 1499
1421 1449 1450 1499 1500
1422 1451 1452 1501 1502
1423 1452 1453 1502 1503
1424 1453 1454 1503 1504
1425 1454 1455 1504 1505
1426 1455 1456 1505 1506
1427 1456 1457 1506 1507
1428 1457 1458 1507 1508
1429 1458 1459 1508 1509
1430 1459 1460 1509 1510
1431 1460 1461 1510 1511
1432 1461 1462 1511 1512
1433 1462 1463 1512 1513
1434 1463 1464 1513 1514
1435 1464 1465 1514 1515
1436 1465 1466 1515 1516
1437 1466 1467 1516 1517
1438 1467 1468 1517 1518
1439 1468 1469 1518 1519
1440 1469 1470 1519 1520
1441 1470 1471 1520 1521
1442 1471 1472 1521 1522
1443 1472 1473 1522 1523
1444 1473 1474 1523 1524
1445 1474 1475 1524 1525
1446 1475 1476 1525 1526
1447 1476 1477 1526 1527
1448 1477 1478 1527 1528
1449 1478 1479 1528 1529
1450 1479 1480 1529 1530
1451 1480 1481 1530 1531
1452 1481 1482 1531 1532
1453 1482 1483 1532 1533
1454 1483 1484 1533 1534
1455 1484 1485 1534 1535
1456 1485 1486 1535 1536
1457 1486 1487 1536 1537
1458 1487 1488 1537 1538
1459 1488 1489 1538 1539
1460 1489 1490 1539 1540
1461 1490 1491 1540 1541
1462 1491 1492 1541 1542
1463 1492 1493 1542 1543
1464 1493 1494 1543 1544
1465 1494 1495 1544 1545
1466 1495 1496 1545 1546
1467 1496 1497 1546 1547
1468 1497 1498 1547 1548
1469 1498 1499 1548 1549
1470 1499 1500 1549 1550
1471 1501 1502 1551 1552
1472 1502 1503 1552 1553
1473 1503 1504 1553 1554
1474 1504 1505 1554 1555
1475 1505 1506 1555 1556
1476 1506 1507 1556 1557
1477 1507 1508 1557 1558
1478 1508 1509 1558 1559
1479 1509 1510 1559 1560
1480 1510 1511 1560 1561
1481 1511 1512 1561 1562
1482 1512 1513 1562 1563
1483 1513 1514 1563 1564
1484 1514 1515 1564 1565
1485 1515 1516 1565 1566
1486 1516 1517 1566 1567
1487 1517 1518 1567 1568
1488 1518 1519 1568 1569
1489 1519 1520 1569 1570
1490 1520 1521 1570 1571
1491 1521 1522 1571 1572
1492 1522 1523 1572 1573
1493 1523 1524 1573 1574
1494 1524 1525 1574 1575
1495 1525 1526 1575 1576
1496 1526 1527 1576 1577
1497 1527 1528 1577 1578
1498 1528 1529 1578 1579
1499 1529 1530 1579 1580
1500 1530 1531 1580 1581
1501 1531 1532 1581 1582
1502 1532 1533 1582 1583
1503 1533 1534 1583 1584
1504 1534 1535 1584 1585
1505 1535 1536 1585 1586
1506 1536 1537 1586 1587
1507 1537 1538 1587 1588
1508 1538 1539 1588 1589
1509 1539 1540 1589 1590
1510 1540 1541 1590 1591
1511 1541 1542 1591 1592
1512 1542 1543 1592 1593
1513 1543 1544 1593 1594
1514 1544 1545 1594 1595
1515 1545 1546 1595 1596
1516 1546 1547 1596 1597
1517 1547 1548 1597 1598
1518 1548 1549 1598 1599
1519 1549 1550 1599 1600
1520 1551 1552 1601 1602
1521 1552 1553 1602 1603
1522 1553 1554 1603 1604
1523 1554 1555 1604 1605
1524 1555 1556 1605 1606
1525 1556 1557 1606 1607
1526 1557 1558 1607 1608
1527 1558 1559 1608 1609
1528 1559 1560 1609 1610
1529 1560 1561 1610 1611
1530 1561 1562 1611 1612
1531 1562 1563 1612 1613
1532 1563 1564 1613 1614
1533 1564 1565 1614 1615
1534 1565 1566 1615 1616
1535 1566 1567 1616 1617
1536 1567 1568 1617 1618
1537 1568 1569 1618 1619
1538 1569 1570 1619 1620
1539 1570 1571 1620 1621
1540 1571 1572 1621 1622
1541 1572 1573 1622 1623
1542 1573 1574 1623 1624
1543 1574 1575 1624 1625
1544 1575 1576 1625 1626
1545 1576 1577 1626 1627
1546 1577 1578 1627 1628
1547 1578 1579 1628 1629
1548 1579 1580 1629 1630
1549 1580 1581 1630 1631
1550 1581 1582 1631 1632
1551 1582 1583 1632 1633
1552 1583 1584 1633 1634
1553 1584 1585 1634 1635
1554 1585 1586 1635 1636
1555 1586 1587 1636 1637
1556 1587 1588 1637 1638
1557 1588 1589 1638 1639
1558 1589 1590 1639 1640
1559 1590 1591 1640 1641
1560 1591 1592 1641 1642
1561 1592 1593 1642 1643
1562 1593 1594 1643 1644
1563 1594 1595 1644 1645
1564 1595 1596 1645 1646
1565 1596 1597 1646 1647
1566 1597 1598 1647 1648
1567 1598 1599 1648 1649
1568 1599 1600 1649 1650
1569 1601 1602 1651 1652
1570 1602 1603 1652 1653
1571 1603 1604 1653 1654
1572 1604 1605 1654 1655
1573 1605 1606 1655 1656
1574 1606 1607 1656 1657
1575 1607 1608 1657 1658
1576 1608 1609 1658 1659
1577 1609 1610 1659 1660
1578 1610 1611 1660 1661
1579 1611 1612 1661 1662
1580 1612 1613 1662 1663
1581 1613 1614 1663 1664
1582 1614 1615 1664 1665
1583 1615 1616 1665 1666
1584 1616 1617 1666 1667
1585 1617 1618 1667 1668
1586 1618 1619 1668 1669
1587 1619 1620 1669 1670
1588 1620 1621 1670 1671
1589 1621 1622 1671 1672
1590 1622 1623 1672 1673
1591 1623 1624 1673 1674
1592 1624 1625 1674 1675
1593 1625 1626 1675 1676
1594 1626 1627 1676 1677
1595 1627 1628 1677 1678
1596 1628 1629 1678 1679
1597 1629 1630 1679 1680
1598 1630 1631 1680 1681
1599 1631 1632 1681 1682
1600 1632 1633 1682 1683
1601 1633 1634 1683 1684
1602 1634 1635 1684 1685
1603 1635 1636 1685 1686
1604 1636 1637 1686 1687
1605 1637 1638 1687 1688
1606 1638 1639 1688 1689
1607 1639 1640 1689 1690
1608 1640 1641 1690 1691
1609 1641 1642 1691 1692
1610 1642 1643 1692 1693
1611 1643 1644 1693 1694
1612 1644 1645 1694 1695
1613 1645 1646 1695 1696
1614 1646 1647 1696 1697
1615 1647 1648 1697 1698
1616 1648 1649 1698 1699
1617 1649 1650 1699 1700
1618 1651 1652 1701 1702
1619 1652 1653 1702 1703
1620 1653 1654 1703 1704
1621 1654 1655 1704 1705
1622 1655 1656 1705 1706
1623 1656 1657 1706 1707
1624 1657 1658 1707 1708
1625 1658 1659 1708 1709
1626 1659 1660 1709 1710
1627 1660 1661 1710 1711
1628 1661 1662 1711 1712
1629 1662 1663 1712 1713
1630 1663 1664 1713 1714
1631 1664 1665 1714 1715
1632 1665 1666 1715 1716
1633 1666 1667 1716 1717
1634 1667 1668 1717 1718
1635 1668 1669 1718 1719
1636 1669 1670 1719 1720
1637 1670 1671 1720 1721
1638 1671 1672 1721 1722
1639 1672 1673 1722 1723
1640 1673 1674 1723 1724
1641 1674 1675 1724 1725
1642 1675 1676 1725 1726
1643 1676 1677 1726 1727
1644 1677 1678 1727 1728
1645 1678 1679 1728 1729
1646 1679 1680 1729 1730
1647 1680 1681 1730 1731
1648 1681 1682 1731 1732
1649 1682 1683 1732 1733
1650 1683 1684 1733 1734
1651 1684 1685 1734 1735
1652 1685 1686 1735 1736
1653 1686 1687 1736 1737
1654 1687 1688 1737 1738
1655 1688 1689 1738 1739
1656 1689 1690 1739 1740
1657 1690 1691 1740 1741
1658 1691 1692 1741 1742
1659 1692 1693 1742 1743
1660 1693 1694 1743 1744
1661 1694 1695 1744 1745
1662 1695 1696 1745 1746
1663 1696 1697 1746 1747
1664 1697 1698 1747 1748
1665 1698 1699 1748 1749
1666 1699 1700 1749 1750
1667 1701 1702 1751 1752
1668 1702 1703 1752 1753
1669 1703 1704 1753 1754
1670 1704 1705 1754 1755
1671 1705 1706 1755 1756
1672 1706 1707 1756 1757
1673 1707 1708 1757 1758
1674 1708 1709 1758 1759
1675 1709 1710 1759 1760
1676 1710 1711 1760 1761
1677 1711 1712 1761 1762
1678 1712 1713 1762 1763
1679 1713 1714 1763 1764
1680 1714 1715 1764 1765
1681 1715 1716 1765 1766
1682 1716 1717 1766 1767
1683 1717 1718 1767 1768
1684 1718 1719 1768 1769
1685 1719 1720 1769 1770
1686 1720 1721 1770 1771
1687 1721 1722 1771 1772
1688 1722 1723 1772 1773
1689 1723 1724 1773 1774
1690 1724 1725 1774 1775
1691 1725 1726 1775 1776
1692 1726 1727 1776 1777
1693 1727 1728 1777 1778
1694 1728 1729 1778 1779
1695 1729 1730 1779 1780
1696 1730 1731 1780 1781
1697 1731 1732 1781 1782
1698 1732 1733 1782 1783
1699 1733 1734 1783 1784
1700 1734 1735 1784 1785
1701 1735 1736 1785 1786
1702 1736 1737 1786 1787
1703 1737 1738 1787 1788
1704 1738 1739 1788 1789
1705 1739 1740 1789 1790
1706 1740 1741 1790 1791
1707 1741 1742 1791 1792
1708 1742 1743 1792 1793
1709 1743 1744 1793 1794
1710 1744 1745 1794 1795
1711 1745 1746 1795 1796
1712 1746 1747 1796 1797
1713 1747 1748 1797 1798
1714 1748 1749 1798 1799
1715 1749 1750 1799 1800
1716 1751 1752 1801 1802
1717 1752 1753 1802 1803
1718 1753 1754 1803 1804
1719 1754 1755 1804 1805
1720 1755 1756 1805 1806
1721 1756 1757 1806 1807
1722 1757 1758 1807 1808
1723 1758 1759 1808 1809
1724 1759 1760 1809 1810
1725 1760 1761 1810 1811
1726 1761 1762 1811 1812
1727 1762 1763 1812 1813
1728 1763 1764 1813 1814
1729 1764 1765 1814 1815
1730 1765 1766 1815 1816
1731 1766 1767 1816 1817
1732 1767 1768 1817 1818
1733 1768 1769 1818 1819
1734 1769 1770 1819 1820
1735 1770 1771 1820 1821
1736 1771 1772 1821 1822
1737 1772 1773 1822 1823
1738 1773 1774 1823 1824
1739 1774 1775 1824 1825
1740 1775 1776 1825 1826
1741 1776 1777 1826 1827
1742 1777 1778 1827 1828
1743 1778 1779 1828 1829
1744 1779 1780 1829 1830
1745 1780 1781 1830 1831
1746 1781 1782 1831 1832
1747 1782 1783 1832 1833
1748 1783 1784 1833 1834
1749 1784 1785 1834 1835
1750 1785 1786 1835 1836
1751 1786 1787 1836 1837
1752 1787 1788 1837 1838
1753 1788 1789 1838 1839
1754 1789 1790 1839 1840
1755 1790 1791 1840 1841
1756 1791 1792 1841 1842
1757 1792 1793 1842 1843
1758 1793 1794 1843 1844
1759 1794 1795 1844 1845
1760 1795 1796 1845 1846
1761 1796 1797 1846 1847
1762 1797 1798 1847 1848
1763 1798 1799 1848 1849
1764 1799 1800 1849 1850
1765 1801 1802 1851 1852
1766 1802 1803 1852 1853
1767 1803 1804 1853 1854
1768 1804 1805 1854 1855
1769 1805 1806 1855 1856
1770 1806 1807 1856 1857
1771 1807 1808 1857 1858
1772 1808 1809 1858 1859
1773 1809 1810 1859 1860
1774 1810 1811 1860 1861
1775 1811 1812 1861 1862
1776 1812 1813 1862 1863
1777 1813 1814 1863 1864
1778 1814 1815 1864 1865
1779 1815 1816 1865 1866
1780 1816 1817 1866 1867
1781 1817 1818 1867 1868
1782 1818 1819 1868 1869
1783 1819 1820 1869 1870
1784 1820 1821 1870 1871
1785 1821 1822 1871 1872
1786 1822 1823 1872 1873
1787 1823 1824 1873 1874
1788 1824 1825 1874 1875
1789 1825 1826 1875 1876
1790 1826 1827 1876 1877
1791 1827 1828 1877 1878
1792 1828 1829 1878 1879
1793 1829 1830 1879 1880
1794 1830 1831 1880 1881
1795 1831 1832 1881 1882
1796 1832 1833 1882 1883
1797 1833 1834 1883 1884
1798 1834 1835 1884 1885
1799 1835 1836 1885 1886
1800 1836 1837 1886 1887
1801 1837 1838 1887 1888
1802 1838 1839 1888 1889
1803 1839 1840 1889 1890
1804 1840 1841 1890 1891
1805 1841 1842 1891 1892
1806 1842 1843 1892 1893
1807 1843 1844 1893 1894
1808 1844 1845 1894 1895
1809 1845 1846 1895 1896
1810 1846 1847 1896 1897
1811 1847 1848 1897 1898
1812 1848 1849 1898 1899
1813 1849 1850 1899 1900
1814 1851 1852 1901 1902
1815 1852 1853 1902 1903
1816 1853 1854 1903 1904
1817 1854 1855 1904 1905
1818 1855 1856 1905 1906
1819 1856 1857 1906 1907
1820 1857 1858 1907 1908
1821 1858 1859 1908 1909
1822 1859 1860 1909 1910
1823 1860 1861 1910 1911
1824 1861 1862 1911 1912
1825 1862 1863 1912 1913
1826 1863 1864 1913 1914
1827 1864 1865 1914 1915
1828 1865 1866 1915 1916
1829 1866 1867 1916 1917
1830 1867 1868 1917 1918
1831 1868 1869 1918 1919
1832 1869 1870 1919 1920
1833 1870 1871 1920 1921
1834 1871 1872 1921 1922
1835 1872 1873 1922 1923
1836 1873 1874 1923 1924
1837 1874 1875 1924 1925
1838 1875 1876 1925 1926
1839 1876 1877 1926 1927
1840 1877 1878 1927 1928
1841 1878 1879 1928 1929
1842 1879 1880 1929 1930
1843 1880 1881 1930 1931
1844 1881 1882 1931 1932
1845 1882 1883 1932 1933
1846 1883 1884 1933 1934
1847 1884 1885 1934 1935
1848 1885 1886 1935 1936
1849 1886 1887 1936 1937
1850 1887 1888 1937 1938
1851 1888 1889 1938 1939
1852 1889 1890 1939 1940
1853 1890 1891 1940 1941
1854 1891 1892 1941 1942
1855 1892 1893 1942 1943
1856 1893 1894 1943 1944
1857 1894 1895 1944 1945
1858 1895 1896 1945 1946
1859 1896 1897 1946 1947
1860 1897 1898 1947 1948
1861 1898 1899 1948 1949
1862 1899 1900 1949 1950
1863 1901 1902 1951 1952
1864 1902 1903 1952 1953
1865 1903 1904 1953 1954
1866 1904 1905 1954 1955
1867 1905 1906 1955 1956
1868 1906 1907 1956 1957
1869 1907 1908 1957 1958
1870 1908 1909 1958 1959
1871 1909 1910 1959 1960
1872 1910 1911 1960 1961
1873 1911 1912 1961 1962
1874 1912 1913 1962 1963
1875 1913 1914 1963 1964
1876 1914 1915 1964 1965
1877 1915 1916 1965 1966
1878 1916 1917 1966 1967
1879 1917 1918 1967 1968
1880 1918 1919 1968 1969
1881 1919 1920 1969 1970
1882 1920 1921 1970 1971
1883 1921 1922 1971 1972
1884 1922 1923 1972 1973
1885 1923 1924 1973 1974
1886 1924 1925 1974 1975
1887 1925 1926 1975 1976
1888 1926 1927 1976 1977
1889 1927 1928 1977 1978
1890 1928 1929 1978 1979
1891 1929 1930 1979 1980
1892 1930 1931 1980 1981
1893 1931 1932 1981 1982
1894 1932 1933 1982 1983
1895 1933 1934 1983 1984
1896 1934 1935 1984 1985
1897 1935 1936 1985 1986
1898 1936 1937 1986 1987
1899 1937 1938 1987 1988
1900 1938 1939 1988 1989
1901 1939 1940 1989 1990
1902 1940 1941 1990 1991
1903 1941 1942 1991 1992
1904 1942 1943 1992 1993
1905 1943 1944 1993 1994
1906 1944 1945 1994 1995
1907 1945 1946 1995 1996
1908 1946 1947 1996 1997
1909 1947 1948 1997 1998
1910 1948 1949 1998 1999
1911 1949 1950 1999 2000
1912 1951 1952 2001 2002
1913 1952 1953 2002 2003
1914 1953 1954 2003 2004
1915 1954 1955 2004 2005
1916 1955 1956 2005 2006
1917 1956 1957 2006 2007
1918 1957 1958 2007 2008
1919 1958 1959 2008 2009
1920 1959 1960 2009 2010
1921 1960 1961 2010 2011
1922 1961 1962 2011 2012
1923 1962 1963 2012 2013
1924 1963 1964 2013 2014
1925 1964 1965 2014 2015
1926 1965 1966 2015 2016
1927 1966 1967 2016 2017
1928 1967 1968 2017 2018
1929 1968 1969 2018 2019
1930 1969 1970 2019 2020
1931 1970 1971 2020 2021
1932 1971 1972 2021 2022
1933 1972 1973 2022 2023
1934 1973 1974 2023 2024
1935 1974 1975 2024 2025
1936 1975 1976 2025 2026
1937 1976 1977 2026 2027
1938 1977 1978 2027 2028
1939 1978 1979 2028 2029
1940 1979 1980 2029 2030
1941 1980 1981 2030 2031
1942 1981 1982 2031 2032
1943 1982 1983 2032 2033
1944 1983 1984 2033 2034
1945 1984 1985 2034 2035
1946 1985 1986 2035 2036
1947 1986 1987 2036 2037
1948 1987 1988 2037 2038
1949 1988 1989 2038 2039
1950 1989 1990 2039 2040
1951 1990 1991 2040 2041
1952 1991 1992 2041 2042
1953 1992 1993 2042 2043
1954 1993 1994 2043 2044
1955 1994 1995 2044 2045
1956 1995 1996 2045 2046
1957 1996 1997 2046 2047
1958 1997 1998 2047 2048
1959 1998 1999 2048 2049
1960 1999 2000 2049 2050
1961 2001 2002 2051 2052
1962 2002 2003 2052 2053
1963 2003 2004 2053 2054
1964 2004 2005 2054 2055
1965 2005 2006 2055 2056
1966 2006 2007 2056 2057
1967 2007 2008 2057 2058
1968 2008 2009 2058 2059
1969 2009 2010 2059 2060
1970 2010 2011 2060 2061
1971 2011 2012 2061 2062
1972 2012 2013 2062 2063
1973 2013 2014 2063 2064
1974 2014 2015 2064 2065
1975 2015 2016 2065 2066
1976 2016 2017 2066 2067
1977 2017 2018 2067 2068
1978 2018 2019 2068 2069
1979 2019 2020 2069 2070
1980 2020 2021 2070 2071
1981 2021 2022 2071 2072
1982 2022 2023 2072 2073
1983 2023 2024 2073 2074
1984 2024 2025 2074 2075
1985 2025 2026 2075 2076
1986 2026 2027 2076 2077
1987 2027 2028 2077 2078
1988 2028 2029 2078 2079
1989 2029 2030 2079 2080
1990 2030 2031 2080 2081
1991 2031 2032 2081 2082
1992 2032 2033 2082 2083
1993 2033 2034 2083 2084
1994 2034 2035 2084 2085
1995 2035 2036 2085 2086
1996 2036 2037 2086 2087
1997 2037 2038 2087 2088
1998 2038 2039 2088 2089
1999 2039 2040 2089 2090
2000 2040 2041 2090 2091
2001 2041 2042 2091 2092
2002 2042 2043 2092 2093
2003 2043 2044 2093 2094
2004 2044 2045 2094 2095
2005 2045 2046 2095 2096
2006 2046 2047 2096 2097
2007 2047 2048 2097 2098
2008 2048 2049 2098 2099
2009 2049 2050 2099 2100
2010 2051 2052 2101 2102
2011 2052 2053 2102 2103
2012 2053 2054 2103 2104
2013 2054 2055 2104 2105
2014 2055 2056 2105 2106
2015 2056 2057 2106 2107
2016 2057 2058 2107 2108
2017 2058 2059 2108 2109
2018 2059 2060 2109 2110
2019 2060 2061 2110 2111
2020 2061 2062 2111 2112
2021 2062 2063 2112 2113
2022 2063 2064 2113 2114
2023 2064 2065 2114 2115
2024 2065 2066 2115 2116
2025 2066 2067 2116 2117
2026 2067 2068 2117 2118
2027 2068 2069 2118 2119
2028 2069 2070 2119 2120
2029 2070 2071 2120 2121
2030 2071 2072 2121 2122
2031 2072 2073 2122 2123
2032 2073 2074 2123 2124
2033 2074 2075 2124 2125
2034 2075 2076 2125 2126
2035 2076 2077 2126 2127
2036 2077 2078 2127 2128
2037 2078 2079 2128 2129
2038 2079 2080 2129 2130
2039 2080 2081 2130 2131
2040 2081 2082 2131 2132
2041 2082 2083 2132 2133
2042 2083 2084 2133 2134
2043 2084 2085 2134 2135
2044 2085 2086 2135 2136
2045 2086 2087 2136 2137
2046 2087 2088 2137 2138
2047 2088 2089 2138 2139
2048 2089 2090 2139 2140
2049 2090 2091 2140 2141
2050 2091 2092 2141 2142
2051 2092 2093 2142 2143
2052 2093 2094 2143 2144
2053 2094 2095 2144 2145
2054 2095 2096 2145 2146
2055 2096 2097 2146 2147
2056 2097 2098 2147 2148
2057 2098 2099 2148 2149
2058 2099 2100 2149 2150
2059 2101 2102 2151 2152
2060 2102 2103 2152 2153
2061 2103 2104 2153 2154
2062 2104 2105 2154 2155
2063 2105 2106 2155 2156
2064 2106 2107 2156 2157
2065 2107 2108 2157 2158
2066 2108 2109 2158 2159
2067 2109 2110 2159 2160
2068 2110 2111 2160 2161
2069 2111 2112 2161 2162
2070 2112 2113 2162 2163
2071 2113 2114 2163 2164
2072 2114 2115 2164 2165
2073 2115 2116 2165 2166
2074 2116 2117 2166 2167
2075 2117 2118 2167 2168
2076 2118 2119 2168 2169
2077 2119 2120 2169 2170
2078 2120 2121 2170 2171
2079 2121 2122 2171 2172
2080 2122 2123 2172 2173
2081 2123 2124 2173 2174
2082 2124 2125 2174 2175
2083 2125 2126 2175 2176
2084 2126 2127 2176 2177
2085 2127 2128 2177 2178
2086 2128 2129 2178 2179
2087 2129 2130 2179 2180
2088 2130 2131 2180 2181
2089 2131 2132 2181 2182
2090 2132 2133 2182 2183
2091 2133 2134 2183 2184
2092 2134 2135 2184 2185
2093 2135 2136 2185 2186
2094 2136 2137 2186 2187
2095 2137 2138 2187 2188
2096 2138 2139 2188 2189
2097 2139 2140 2189 2190
2098 2140 2141 2190 2191
2099 2141 2142 2191 2192
2100 2142 2143 2192 2193
2101 2143 2144 2193 2194
2102 2144 2145 2194 2195
2103 2145 2146 2195 2196
2104 2146 2147 2196 2197
2105 2147 2148 2197 2198
2106 2148 2149 2198 2199
2107 2149 2150 2199 2200
2108 2151 2152 2201 2202
2109 2152 2153 2202 2203
2110 2153 2154 2203 2204
2111 2154 2155 2204 2205
2112 2155 2156 2205 2206
2113 2156 2157 2206 2207
2114 2157 2158 2207 2208
2115 2158 2159 2208 2209
2116 2159 2160 2209 2210
2117 2160 2161 2210 2211
2118 2161 2162 2211 2212
2119 2162 2163 2212 2213
2120 2163 2164 2213 2214
2121 2164 2165 2214 2215
2122 2165 2166 2215 2216
2123 2166 2167 2216 2217
2124 2167 2168 2217 2218
2125 2168 2169 2218 2219
2126 2169 2170 2219 2220
2127 2170 2171 2220 2221
2128 2171 2172 2221 2222
2129 2172 2173 2222 2223
2130 2173 2174 2223 2224
2131 2174 2175 2224 2225
2132 2175 2176 2225 2226
2133 2176 2177 2226 2227
2134 2177 2178 2227 2228
2135 2178 2179 2228 2229
2136 2179 2180 2229 2230
2137 2180 2181 2230 2231
2138 2181 2182 2231 2232
2139 2182 2183 2232 2233
2140 2183 2184 2233 2234
2141 2184 2185 2234 2235
2142 2185 2186 2235 2236
2143 2186 2187 2236 2237
2144 2187 2188 2237 2238
2145 2188 2189 2238 2239
2146 2189 2190 2239 2240
2147 2190 2191 2240 2241
2148 2191 2192 2241 2242
2149 2192 2193 2242 2243
2150 2193 2194 2243 2244
2151 2194 2195 2244 2245
2152 2195 2196 2245 2246
2153 2196 2197 2246 2247
2154 2197 2198 2247 2248
2155 2198 2199 2248 2249
2156 2199 2200 2249 2250
2157 2201 2202 2251 2252
2158 2202 2203 2252 2253
2159 2203 2204 2253 2254
2160 2204 2205 2254 2255
2161 2205 2206 2255 2256
2162 2206 2207 2256 2257
2163 2207 2208 2257 2258
2164 2208 2209 2258 2259
2165 2209 2210 2259 2260
2166 2210 2211 2260 2261
2167 2211 2212 2261 2262
2168 2212 2213 2262 2263
2169 2213 2214 2263 2264
2170 2214 2215 2264 2265
2171 2215 2216 2265 2266
2172 2216 2217 2266 2267
2173 2217 2218 2267 2268
2174 2218 2219 2268 2269
2175 2219 2220 2269 2270
2176 2220 2221 2270 2271
2177 2221 2222 2271 2272
2178 2222 2223 2272 2273
2179 2223 2224 2273 2274
2180 2224 2225 2274 2275
2181 2225 2226 2275 2276
2182 2226 2227 2276 2277
2183 2227 2228 2277 2278
2184 2228 2229 2278 2279
2185 2229 2230 2279 2280
2186 2230 2231 2280 2281
2187 2231 2232 2281 2282
2188 2232 2233 2282 2283
2189 2233 2234 2283 2284
2190 2234 2235 2284 2285
2191 2235 2236 2285 2286
2192 2236 2237 2286 2287
2193 2237 2238 2287 2288
2194 2238 2239 2288 2289
2195 2239 2240 2289 2290
2196 2240 2241 2290 2291
2197 2241 2242 2291 2292
2198 2242 2243 2292 2293
2199 2243 2244 2293 2294
2200 2244 2245 2294 2295
2201 2245 2246 2295 2296
2202 2246 2247 2296 2297
2203 2247 2248 2297 2298
2204 2248 2249 2298 2299
2205 2249 2250 2299 2300
2206 2251 2252 2301 2302
2207 2252 2253 2302 2303
2208 2253 2254 2303 2304
2209 2254 2255 2304 2305
2210 2255 2256 2305 2306
2211 2256 2257 2306 2307
2212 2257 2258 2307 2308
2213 2258 2259 2308 2309
2214 2259 2260 2309 2310
2215 2260 2261 2310 2311
2216 2261 2262 2311 2312
2217 2262 2263 2312 2313
2218 2263 2264 2313 2314
2219 2264 2265 2314 2315
2220 2265 2266 2315 2316
2221 2266 2267 2316 2317
2222 2267 2268 2317 2318
2223 2268 2269 2318 2319
2224 2269 2270 2319 2320
2225 2270 2271 2320 2321
2226 2271 2272 2321 2322
2227 2272 2273 2322 2323
2228 2273 2274 2323 2324
2229 2274 2275 2324 2325
2230 2275 2276 2325 2326
2231 2276 2277 2326 2327
2232 2277 2278 2327 2328
2233 2278 2279 2328 2329
2234 2279 2280 2329 2330
2235 2280 2281 2330 2331
2236 2281 2282 2331 2332
2237 2282 2283 2332 2333
2238 2283 2284 2333 2334
2239 2284 2285 2334 2335
2240 2285 2286 2335 2336
2241 2286 2287 2336 2337
2242 2287 2288 2337 2338
2243 2288 2289 2338 2339
2244 2289 2290 2339 2340
2245 2290 2291 2340 2341
2246 2291 2292 2341 2342
2247 2292 2293 2342 2343
2248 2293 2294 2343 2344
2249 2294 2295 2344 2345
2250 2295 2296 2345 2346
2251 2296 2297 2346 2347
2252 2297 2298 2347 2348
2253 2298 2299 2348 2349
2254 2299 2300 2349 2350
2255 2301 2302 2351 2352
2256 2302 2303 2352 2353
2257 2303 2304 2353 2354
2258 2304 2305 2354 2355
2259 2305 2306 2355 2356
2260 2306 2307 2356 2357
2261 2307 2308 2357 2358
2262 2308 2309 2358 2359
2263 2309 2310 2359 2360
2264 2310 2311 2360 2361
2265 2311 2312 2361 2362
2266 2312 2313 2362 2363
2267 2313 2314 2363 2364
2268 2314 2315 2364 2365
2269 2315 2316 2365 2366
2270 2316 2317 2366 2367
2271 2317 2318 2367 2368
2272 2318 2319 2368 2369
2273 2319 2320 2369 2370
2274 2320 2321 2370 2371
2275 2321 2322 2371 2372
2276 2322 2323 2372 2373
2277 2323 2324 2373 2374
2278 2324 2325 2374 2375
2279 2325 2326 2375 2376
2280 2326 2327 2376 2377
2281 2327 2328 2377 2378
2282 2328 2329 2378 2379
2283 2329 2330 2379 2380
2284 2330 2331 2380 2381
2285 2331 2332 2381 2382
2286 2332 2333 2382 2383
2287 2333 2334 2383 2384
2288 2334 2335 2384 2385
2289 2335 2336 2385 2386
2290 2336 2337 2386 2387
2291 2337 2338 2387 2388
2292 2338 2339 2388 2389
2293 2339 2340 2389 2390
2294 2340 2341 2390 2391
2295 2341 2342 2391 2392
2296 2342 2343 2392 2393
2297 2343 2344 2393 2394
2298 2344 2345 2394 2395
2299 2345 2346 2395 2396
2300 2346 2347 2396 2397
2301 2347 2348 2397 2398
2302 2348 2349 2398 2399
2303 2349 2350 2399 2400
2304 2351 2352 2401 2402
2305 2352 2353 2402 2403
2306 2353 2354 2403 2404
2307 2354 2355 2404 2405
2308 2355 2356 2405 2406
2309 2356 2357 2406 2407
2310 2357 2358 2407 2408
2311 2358 2359 2408 2409
2312 2359 2360 2409 2410
2313 2360 2361 2410 2411
2314 2361 2362 2411 2412
2315 2362 2363 2412 2413
2316 2363 2364 2413 2414
2317 2364 2365 2414 2415
2318 2365 2366 2415 2416
2319 2366 2367 2416 2417
2320 2367 2368 2417 2418
2321 2368 2369 2418 2419
2322 2369 2370 2419 2420
2323 2370 2371 2420 2421
2324 2371 2372 2421 2422
2325 2372 2373 2422 2423
2326 2373 2374 2423 2424
2327 2374 2375 2424 2425
2328 2375 2376 2425 2426
2329 2376 2377 2426 2427
2330 2377 2378 2427 2428
2331 2378 2379 2428 2429
2332 2379 2380 2429 2430
2333 2380 2381 2430 2431
2334 2381 2382 2431 2432
2335 2382 2383 2432 2433
2336 2383 2384 2433 2434
2337 2384 2385 2434 2435
2338 2385 2386 2435 2436
2339 2386 2387 2436 2437
2340 2387 2388 2437 2438
2341 2388 2389 2438 2439
2342 2389 2390 2439 2440
2343 2390 2391 2440 2441
2344 2391 2392 2441 2442
2345 2392 2393 2442 2443
2346 2393 2394 2443 2444
2347 2394 2395 2444 2445
2348 2395 2396 2445 2446
2349 2396 2397 2446 2447
2350 2397 2398 2447 2448
2351 2398 2399 2448 2449
2352 2399 2400 2449 2450
2353 2401 2402 2451 2452
2354 2402 2403 2452 2453
2355 2403 2404 2453 2454
2356 2404 2405 2454 2455
2357 2405 2406 2455 2456
2358 2406 2407 2456 2457
2359 2407 2408 2457 2458
2360 2408 2409 2458 2459
2361 2409 2410 2459 2460
2362 2410 2411 2460 2461
2363 2411 2412 2461 2462
2364 2412 2413 2462 2463
2365 2413 2414 2463 2464
2366 2414 2415 2464 2465
2367 2415 2416 2465 2466
2368 2416 2417 2466 2467
2369 2417 2418 2467 2468
2370 2418 2419 2468 2469
2371 2419 2420 2469 2470
2372 2420 2421 2470 2471
2373 2421 2422 2471 2472
2374 2422 2423 2472 2473
2375 2423 2424 2473 2474
2376 2424 2425 2474 2475
2377 2425 2426 2475 2476
2378 2426 2427 2476 2477
2379 2427 2428 2477 2478
2380 2428 2429 2478 2479
2381 2429 2430 2479 2480
2382 2430 2431 2480 2481
2383 2431 2432 2481 2482
2384 2432 2433 2482 2483
2385 2433 2434 2483 2484
2386 2434 2435 2484 2485
2387 2435 2436 2485 2486
2388 2436 2437 2486 2487
2389 2437 2438 2487 2488
2390 2438 2439 2488 2489
2391 2439 2440 2489 2490
2392 2440 2441 2490 2491
2393 2441 2442 2491 2492
2394 2442 2443 2492 2493
2395 2443 2444 2493 2494
2396 2444 2445 2494 2495
2397 2445 2446 2495 2496
2398 2446 2447 2496 2497
2399 2447 2448 2497 2498
2400 2448 2449 2498 2499
2401 2449 2450 2499 2500
